10991 3
11082 11
23484 2
226100 921802
9640 5
11612 9
35638 154270
33125 143767
166605 688280
132076 575820
240146 960169
26032 113798
45274 222491
140372 584345
19364 9
23332 6
26370 2
27095 2
255929 1069409
21615 0
27155 2
12952 16
21284 10
45274 222492
21308 2
23406 1
204612 820777
21299 0
19442 2
25462 2
46500 198667
135701 583034
13826 4
25368 2
21309 2
47619 229825
21340 0
23332 2
44609 191385
111102 439990
6327 0
55680 785109
164141 677407
23460 2
24087 3
26121 2
60394 258679
21288 2
168028 697379
43297 186600
23459 2
19398 0
21290 2
23372 2
19406 0
5093 0
14365 0
12412 0
4171 237615
19358 2
131706 536776
39391 169104
50918 216916
38816 166804
38628 166126
52627 224069
3887 0
9705 0
148298 652424
22397 5
156932 680853
242381 966269
140372 584347
19408 2
12810 0
21325 2
11844 1
62824 272132
10811 49867
45100 192903
23493 3
43110 185819
25830 1
21511 0
586 13761
11848 0
11845 0
10812 0
103355 408897
103355 408895
164403 678570
22313 4
16292 0
21381 2
25453 2
56909 243516
171861 709232
21329 2
21354 2
204612 820776
9889 4
46970 200613
5686 0
20012 0
164646 679497
164646 679496
145236 619816
56909 243518
11846 0
22839 5
24094 0
205690 826503
10934 2
21615 1
26534 0
21700 0
23376 1
18175 0
39419 228009
18357 0
8804 0
25452 2
19442 1
23324 2
21865 2
42425 182598
9689 0
60192 257756
23491 2
195404 807026
21702 1
23475 2
23373 2
27009 2
6358 0
26530 0
44398 190815
11568 0
52760 224631
151733 629428
10717 52662
10299 58014
13450 0
24195 5
5081 1
21581 1
25875 5
23482 0
9692 2
5217 0
9733 0
8712 1
6604 0
19366 2
9690 2
143849 603749
21403 2
25361 1
205326 823367
20025 1
26785 0
21298 2
19364 4
55223 235633
22646 0
23379 1
197272 807374
20198 89987
19369 2
21293 2
23485 3
205326 823368
59833 256163
22512 0
49538 237907
26589 0
26749 1
16876 0
10938 5
20429 0
9681 0
45383 234650
6104 0
201504 809681
9691 1
21327 0
21379 2
10872 50084
8914 1
21421 2
19931 0
21584 0
23929 1
25874 0
19125 0
23381 1
19763 2
21722 2
13168 0
47556 202970
18922 2
139634 579797
10872 50082
203249 814838
31224 135600
26583 1
24895 0
26319 0
23332 0
25682 2
46427 198371
8175 0
59429 254433
22858 0
8566 2
22256 4
11396 52259
205697 824860
236506 945934
21463 2
165490 691077
23095 0
21642 2
237614 978430
21348 2
23338 6
22051 2
21765 0
217028 867095
141348 590618
25848 1
21699 0
26582 1
26590 1
47213 201553
16593 0
20075 0
25972 0
20553 10
24165 2
4086 0
18289 4
18915 2
19459 1
11810 0
28403 123610
21763 0
23512 6
25487 0
24784 0
22060 2
9141 42912
233552 932989
140375 584370
20740 0
26707 1
23488 2
20002 2
14347 0
25116 0
51159 260232
21768 0
132414 577502
227767 924511
216839 875350
21601 2
237614 976981
20010 0
12741 0
236091 944225
19841 1
162756 673906
16164 0
15864 0
23579 1
10938 6
6648 0
206222 826820
27181 0
21671 6
21342 3
5498 26318
21588 0
43843 188693
25730 1
20026 0
50186 213847
25884 0
6160 0
5803 0
43669 188025
12740 0
23514 0
23480 0
12743 0
23903 2
6648 1
20487 0
237614 978419
26415 2
121184 487067
53464 227519
6819 2
197733 792267
23429 4
21767 0
18170 0
25370 2
145450 610123
21579 3
6802 0
193622 780318
6783 0
23493 0
206222 826821
15391 9
15837 0
19371 0
12742 0
21342 0
19189 0
233355 932181
19244 2
14745 0
19411 0
10705 0
51387 218942
6159 0
243979 973963
23721 3
24862 1
8493 0
27182 0
23243 0
8614 0
259338 1029715
21940 0
23833 0
19454 0
13207 1
23664 0
249149 990004
9711 0
18226 2
90197 384796
11479 76949
27002 0
172358 710914
22256 5
189291 766451
18017 0
7477 0
41469 178243
25434 1
20418 0
230869 921021
